10
0
5
-0.04 	-0.09 	0 	1 	1	1	1
0.04 	-0.09 	0 	1 	1	1	1
0.04 	0.09 	0 	1 	1	1	1
-0.04 	0.09 	0 	1 	1	1	1
-0.04 	-0.09 	0 	1 	1	1	1
1
2
0.0 -0.09 0 1 1 1 1
0.0 0.09 0 1 1 1 1 
2
6		  
0.04 -0.09 0 1 1 1 1
-0.04 -0.09 0 1 1 1 1
-0.04 0.00 0 1 1 1 1
0.04 0.00 0 1 1 1 1
0.04 0.09 0 1 1 1 1
-0.04 0.09 0 1 1 1 1
3
7			  
-0.04 -0.09 0 1 1 1 1
0.04 -0.09 0 1 1 1 1
0.04 0.00 0 1 1 1 1
-0.04 0.00 0 1 1 1 1
0.04 0.00 0 1 1 1 1
0.04 0.09 0 1 1 1 1
-0.04 0.09 0 1 1 1 1
4
5			  
-0.04 0.09 0 1 1 1 1
-0.04 0.00 0 1 1 1 1
0.04 0.00 0 1 1 1 1
0.04 0.09 0 1 1 1 1
0.04 -0.09 0 1 1 1 1
5
6			  
-0.04 -0.09 0 1 1 1 1
0.04 -0.09 0 1 1 1 1
0.04 0.00 0 1 1 1 1
-0.04 0.00 0 1 1 1 1
-0.04 0.09 0 1 1 1 1
0.04 0.09 0 1 1 1 1
6
5			  
-0.04 0.09 0 1 1 1 1
-0.04 -0.09 0 1 1 1 1
0.04 -0.09 0 1 1 1 1
0.04 0.00 0 1 1 1 1
-0.04 0.00 0 1 1 1 1
7
3			  
-0.04 0.09 0 1 1 1 1
0.04 0.09 0 1 1 1 1
0.04 -0.09 0 1 1 1 1
8
8			  
0.04 -0.09 0 1 1 1 1
-0.04 -0.09 0 1 1 1 1
-0.04 0.09 0 1 1 1 1
0.04 0.09 0 1 1 1 1
0.04 -0.00 0 1 1 1 1
-0.04 -0.00 0 1 1 1 1
0.04 -0.00 0 1 1 1 1
0.04 -0.09 0 1 1 1 1
9
5			  
0.04 -0.09 0 1 1 1 1
0.04 0.09 0 1 1 1 1
-0.04 0.09 0 1 1 1 1
-0.04 0.00 0 1 1 1 1
0.04 0.00 0 1 1 1 1
