26
A
6
-0.04 	-0.09 	0 	1 	1	1	1
-0.04 	0.09 	0 	1 	1	1	1
0.04 	0.09 	0 	1 	1	1	1
0.04 	-0.09 	0 	1 	1	1	1
0.04 	-0.00 	0 	1 	1	1	1
-0.04 	-0.00 	0 	1 	1	1	1
B
10
-0.04 	-0.09 	0 	1 	1	1	1
-0.04 	0.09 	0 	1 	1	1	1
0.02 	0.09 	0 	1 	1	1	1
0.04 	0.045 	0 	1 	1	1	1
0.02 	0.00 	0 	1 	1	1	1
-0.04 	0.00 	0 	1 	1	1	1
0.02 	0.00 	0 	1 	1	1	1
0.04 	-0.045 	0 	1 	1	1	1
0.02 	-0.09 	0 	1 	1	1	1
-0.04 	-0.09 	0 	1 	1	1	1
C
4
0.04 	0.09 	0 	1 	1	1	1
-0.04 	0.09 	0 	1 	1	1	1
-0.04 	-0.09 	0 	1 	1	1	1
0.04 	-0.09 	0 	1 	1	1	1
D
6
-0.04 	0.09 	0 	1 	1	1	1
0.02 	0.09 	0 	1 	1	1	1
0.04 	0.00 	0 	1 	1	1	1
0.02 	-0.09 	0 	1 	1	1	1
-0.04 	-0.09 	0 	1 	1	1	1
-0.04 	0.09 	0 	1 	1	1	1
E
7			  
0.04 -0.09 0 1 1 1 1
-0.04 -0.09 0 1 1 1 1
-0.04 0.00 0 1 1 1 1
0.04 0.00 0 1 1 1 1
-0.04 0.00 0 1 1 1 1
-0.04 0.09 0 1 1 1 1
0.04 0.09 0 1 1 1 1
F
6			  
0.04 0.09 0 1 1 1 1
-0.04 0.09 0 1 1 1 1
-0.04 0.00 0 1 1 1 1
0.04 0.00 0 1 1 1 1
-0.04 0.00 0 1 1 1 1
-0.04 -0.09 0 1 1 1 1
G
6			  
0.04 0.09 0 1 1 1 1
-0.04 0.09 0 1 1 1 1
-0.04 -0.09 0 1 1 1 1
0.04 -0.09 0 1 1 1 1
0.04 0.00 0 1 1 1 1
0.00 0.00 0 1 1 1 1
H
6			  
-0.04 0.09 0 1 1 1 1
-0.04 -0.09 0 1 1 1 1
-0.04 0.00 0 1 1 1 1
0.04 0.00 0 1 1 1 1
0.04 0.09 0 1 1 1 1
0.04 -0.09 0 1 1 1 1
I
6			  
-0.04 0.09 0 1 1 1 1
0.04 0.09 0 1 1 1 1
0.0 0.09 0 1 1 1 1
0.0 -0.09 0 1 1 1 1
-0.04 -0.09 0 1 1 1 1
0.04 -0.09 0 1 1 1 1
J
5			  
-0.04 0.09 0 1 1 1 1
0.04 0.09 0 1 1 1 1
0.00 0.09 0 1 1 1 1
0.00 -0.09 0 1 1 1 1
-0.04 -0.09 0 1 1 1 1
K
6			  
-0.04 0.09 0 1 1 1 1
-0.04 -0.09 0 1 1 1 1
-0.04 0.00 0 1 1 1 1
0.04 -0.09 0 1 1 1 1
-0.04 0.00 0 1 1 1 1
0.04 0.09 0 1 1 1 1
L
3			  
-0.04 0.09 0 1 1 1 1
-0.04 -0.09 0 1 1 1 1
0.04 -0.09 0 1 1 1 1
M
5			  
-0.04 -0.09 0 1 1 1 1
-0.04 0.09 0 1 1 1 1
0.0 0.00 0 1 1 1 1
0.04 0.09 0 1 1 1 1
0.04 -0.09 0 1 1 1 1
N
4			  
-0.04 -0.09 0 1 1 1 1
-0.04 0.09 0 1 1 1 1
0.04 -0.09 0 1 1 1 1
0.04 0.09 0 1 1 1 1
O
5
-0.04 	-0.09 	0 	1 	1	1	1
0.04 	-0.09 	0 	1 	1	1	1
0.04 	0.09 	0 	1 	1	1	1
-0.04 	0.09 	0 	1 	1	1	1
-0.04 	-0.09 	0 	1 	1	1	1
P
5			  
-0.04 -0.09 0 1 1 1 1
-0.04 0.09 0 1 1 1 1
0.04 0.09 0 1 1 1 1
0.04 0.00 0 1 1 1 1
-0.04 0.00 0 1 1 1 1
Q
7
-0.04 	-0.09 	0 	1 	1	1	1
0.04 	-0.09 	0 	1 	1	1	1
0.00 	-0.00 	0 	1 	1	1	1
0.04 	-0.09 	0 	1 	1	1	1
0.04 	0.09 	0 	1 	1	1	1
-0.04 	0.09 	0 	1 	1	1	1
-0.04 	-0.09 	0 	1 	1	1	1
R
6			  
-0.04 -0.09 0 1 1 1 1
-0.04 0.09 0 1 1 1 1
0.04 0.09 0 1 1 1 1
0.04 0.00 0 1 1 1 1
-0.04 0.00 0 1 1 1 1
0.04 -0.09 0 1 1 1 1
S
6			  
0.04 0.09 0 1 1 1 1
-0.04 0.09 0 1 1 1 1
-0.04 0.00 0 1 1 1 1
0.04 0.00 0 1 1 1 1
0.04 -0.09 0 1 1 1 1
-0.04 -0.09 0 1 1 1 1
T
4			  
-0.04 0.09 0 1 1 1 1
0.04 0.09 0 1 1 1 1
0.0 0.09 0 1 1 1 1
0.0 -0.09 0 1 1 1 1
U
4
0.04 	0.09 	0 	1 	1	1	1
0.04 	-0.09 	0 	1 	1	1	1
-0.04 	-0.09 	0 	1 	1	1	1
-0.04 	0.09 	0 	1 	1	1	1
V
3
0.04 	0.09 	0 	1 	1	1	1
0.00 	-0.09 	0 	1 	1	1	1
-0.04 	0.09 	0 	1 	1	1	1
W
5
0.04 	0.09 	0 	1 	1	1	1
0.02 	-0.09 	0 	1 	1	1	1
-0.00 	0.09 	0 	1 	1	1	1
-0.02 	-0.09 	0 	1 	1	1	1
-0.04 	0.09 	0 	1 	1	1	1
X
5
0.04 	0.09 	0 	1 	1	1	1
-0.04 	-0.09 	0 	1 	1	1	1
-0.0 	0.0 	0 	1 	1	1	1
-0.04 	0.09 	0 	1 	1	1	1
0.04 	-0.09 	0 	1 	1	1	1
Y
5			  
-0.04 0.09 0 1 1 1 1
0.00 0.00 0 1 1 1 1
0.04 0.09 0 1 1 1 1
0.00 0.00 0 1 1 1 1
0.0 -0.09 0 1 1 1 1
Z
4			  
-0.04 0.09 0 1 1 1 1
0.04 0.09 0 1 1 1 1
-0.04 -0.09 0 1 1 1 1
0.04 -0.09 0 1 1 1 1
